011100001101111011100001011010
101110010110001011010010110010
111110111111011100001011010111
000111011110100000111111011111
110100011011110100111010110001
100001101111111001111001110000
101101100000010000110001110111
100001011100110010001100100110
100011010101011111001010001000
100010010001010111000111000000
010011000110010111000110110001
001101111010001101101110011111
011101000011100110110001000000
100110101100100111100011010100
000111011011111010110011010100
000010001100000011111001011000
011000011000101000111001110110
100101101100011001100001110011
011110101000100100010010111110
100100101011100000110100011001
100111001110010000100111111100
110000101010011101000100011110
101011010011011001011010111000
100011010011011111110001100001
001011100001110111100001000110
100010010011110001010010010100
110000111000011000000100110100
000111110001000110000101110100
100110100010100101111101000010
001110110110011100010011110100
